on -20 29 -31 16 -20 27
on -43 1 -20 33 -45 2
on -36 17 -6 38 -39 14
on -30 15 -36 15 -28 23
on -18 29 -19 28 -7 46
on -30 19 -13 36 0 46
on -26 24 -38 11 -43 11
on -38 10 -48 3 -14 31
on -8 41 -9 45 -43 9
on -10 39 -10 35 -19 32
off 5 21 28 42 33 48
on -15 38 -14 40 -19 35
off -31 -20 5 22 -7 10
on -19 27 -38 14 -2 44
off -39 -29 -25 -6 -5 13
on -15 33 -41 7 -19 29
off -46 -35 23 39 39 48
on -34 13 -4 41 -20 30
off -26 -12 -24 -5 27 39
on -38 16 -43 10 -10 44
on 39030 44441 -57340 -34903 -51001 -45918
on -16916 -4407 66566 94089 15828 36189
on 40389 50968 27757 50078 45520 59567
on 52 17188 30746 49029 69338 83167
on 8979 24827 -49316 -32553 -69008 -49926
on -52775 -23858 52208 67627 -1264 18587
on -33325 -5132 45958 70760 46267 56578
on -42535 -21394 -55593 -32080 -65133 -51935
on 1749 16247 23252 35648 72579 75405
on 3243 26696 -6805 9966 62726 89126
on 34445 60971 28535 54294 41201 66461
on -60390 -40467 -9145 2334 -79017 -65419
on 19536 44698 -78529 -58639 -26591 -2743
on -64983 -59435 37204 45832 -21323 -8109
on -18254 13006 -85804 -67448 -5043 13222
on 24464 32132 48558 68460 37217 62520
on -17139 -10612 -19845 -3378 -77537 -57882
on 63128 71168 638 22628 -57064 -32579
on -58884 -26787 27216 32401 -66811 -59472
on 36497 46350 -33880 -21305 -67604 -45789
on 42798 71814 36207 61646 -12151 19686
on -55625 -29373 -82609 -49685 -16861 2524
on -70425 -44308 20211 33460 47801 72055
on 26463 42176 64489 76471 -18426 11307
on -78556 -58072 -16997 4971 -34641 -18128
on -58623 -40141 -55835 -42509 -46653 -22925
on 23300 41375 -75579 -50755 18777 52822
on -82799 -60920 18318 41772 -24353 -5518
on 10106 26240 75368 78834 304 7531
on 46079 73686 49894 71872 7057 19259
on -81301 -63868 -25735 -2511 1130 19046
on 27141 55106 20320 49740 -74571 -44379
on 38469 55562 -70078 -44434 -31742 1553
on 1417 27204 -90515 -53178 -41560 -22873
on -18898 -6680 63448 97500 -11360 9193
on -4654 19272 -84171 -70178 7893 12893
on -41788 -26904 57763 62948 27359 39845
on 56892 76482 -29393 225 -57865 -40940
on -1653 17579 78559 81298 2133 24653
on 31665 60531 -64402 -26646 47007 57640
on 14454 37042 -77500 -52117 32205 48279
on -57102 -19683 -973 12460 -78522 -69140
on 33500 64982 45233 71019 -24872 10888
on -24545 -2431 12207 36685 56701 84825
on -73898 -40823 30235 40637 37337 48053
on 16711 35862 -75053 -53757 -45205 -39330
on 40041 62094 35279 55557 3924 28119
on 2591 27844 -77111 -61171 -42150 -24689
on 63851 87586 717 22608 -17708 14683
on 59776 65768 -38309 -516 30512 61778
on 27764 52076 48282 73996 34786 42408
on -6770 29847 -69740 -50465 38985 60900
on 31444 39135 -32209 -8484 -72646 -56369
on -71756 -38220 -60571 -46749 -40149 -37116
on -44580 -14826 55547 79253 -43870 -13364
on -72389 -55149 -27768 -3839 -70486 -37702
on -52435 -20439 66678 77085 10575 29461
on 36706 63235 31858 52461 -40879 -24849
on -74831 -52959 37404 69189 6622 22185
on -6413 1462 -48386 -19347 -83322 -70763
on -81857 -58552 -27629 -26033 -45105 -28564
on -58671 -44911 -78607 -52567 -30993 -11513
on -62873 -36200 49607 83092 -29998 -10433
on -23969 -5107 -45673 -24154 56204 73025
on -29554 -11201 -46583 -24400 -83575 -47182
on 30702 37050 36949 66718 -57136 -36552
on -10148 10475 -5870 17463 -95526 -59913
on -31448 -284 -48605 -24327 45815 82564
on -84567 -61564 -2089 26015 4033 7133
on -20326 -3284 -46016 -26462 54080 72758
on 41252 55684 -49807 -22386 -60941 -42418
on 62205 71265 -49762 -34225 -7877 12079
on -89292 -72013 -31405 -14706 -20505 -2948
on -41776 -20243 62722 70486 -30024 -1858
on 18228 32393 52030 71998 25205 59016
on 48369 72370 37060 54834 -38532 -8676
on -55253 -28458 34161 57274 -72149 -39309
on -72798 -51822 -30694 -2186 45952 57079
on 4729 43529 17089 31573 -85650 -72780
on 42217 74138 45655 63639 -36741 -10603
on 27669 49424 46631 69265 29715 51656
on 20949 27668 70167 86001 -32923 -14819
on -23923 -8817 39080 50191 51545 61395
on 57073 77486 3426 21172 -62437 -39863
on -89626 -67976 -34501 -16927 -15996 -15568
on 32922 59175 -54409 -33698 27932 67481
on 6501 33987 -83062 -63997 34738 39766
on -37545 -29183 56421 70544 15177 40320
on -24691 -17056 23161 33353 71111 74660
on 54499 86451 -38734 -28186 -39003 -13356
on -75142 -47934 -8956 5914 -69975 -39192
on -52665 -35218 -43596 -32734 41665 50848
on 8661 29356 -2489 18373 67501 85297
on 70367 80510 -18450 8966 -16229 -1404
on -22779 13139 67289 82767 -47475 -24313
on 65450 80932 30530 50652 -5236 9932
on -75105 -47424 6980 19151 -59147 -33035
on 53516 85797 -45107 -16806 -6148 6567
on -12172 15284 -8232 -651 -96433 -60578
on 21192 31932 4914 19821 64567 89357
on -12556 401 -41319 -23843 56314 83752
on -67754 -38533 58429 62877 2065 21664
on 27156 52486 42626 54351 53276 73831
on 40263 58892 -49247 -37913 27873 63166
on -37545 -20533 -74721 -58538 -36678 -6054
on -6634 18285 -49486 -27921 54817 82046
on -78134 -60334 41826 44416 -424 9094
on 43122 63245 -32977 -10981 -54994 -41397
on -22854 -292 32960 46443 53510 76181
on 30238 43872 -40593 -18910 -86078 -61269
on -70060 -41130 -39536 -15734 32095 55828
on -10129 21231 1392 21144 71205 80083
on -46859 -20417 59982 86006 -594 30137
on 16908 34847 60881 64477 25446 39611
on 27114 34350 -19000 586 52975 78044
on -92238 -66545 -25917 -14477 -10207 15335
on -53332 -34657 55475 68792 -16193 2956
on 26074 55119 -64147 -39479 46625 60804
on -81792 -72186 -27516 -7356 -17091 -5153
on 21510 48123 57655 80143 -19988 -5157
on -42070 -34033 -71663 -58064 10623 30183
on -31069 -22542 -20053 -15967 61201 75887
on -7921 15811 -12282 11801 63547 83196
on -35651 -2431 -991 11371 67904 92772
on 68087 82584 -30799 -4376 -14648 1775
on -33666 -2580 -90327 -66216 12731 31899
on -73566 -47484 -59756 -44345 4776 10325
on -76837 -59779 -4385 14932 -50074 -38480
on 33388 61934 -43398 -23303 38162 63975
on -33550 -2570 -33148 -18287 67115 84110
on -10092 6623 30054 46208 69320 86310
on -7255 2960 -93969 -76905 20851 28009
on -38421 -21411 -85820 -61665 -4060 25092
on -18176 9627 -8802 7892 -87302 -62746
on 5598 36521 -87872 -73080 -38163 -13005
on -33275 -7298 15352 36017 -85579 -56770
on -29516 5542 11240 19634 76852 97446
on 20714 56270 7948 33080 49079 85136
on -93061 -64854 -33327 -3705 -5545 16277
on 47448 78391 -51628 -27895 -32794 -25880
on 4227 30699 39768 45888 54839 83597
on 70777 84001 7439 22803 -5976 17310
on -42553 -25757 -58473 -50108 38467 59251
on -71403 -62999 -38228 -12575 36781 47496
on 50888 79519 -54783 -30829 4861 38061
on 25418 41498 -81881 -54971 19352 43517
on 64258 79955 -8788 12997 11393 35099
on -67002 -53520 27844 57263 2143 17726
on -78306 -72249 -22931 -6153 19549 33991
on -26011 4273 18963 28916 64435 85991
on 10172 23648 -25120 -10137 -89821 -59863
on -7255 13764 -64279 -54195 -61984 -34271
on -30268 -1307 -79485 -52163 26816 44965
on -87805 -59710 -2902 27442 18293 48553
on 46421 69704 -30630 -18729 -60214 -49371
on -62224 -38282 53137 66173 -7492 21445
on -34677 -14017 71034 83818 -2619 11924
on 1998 26800 -88018 -70661 -19529 14435
on -40150 -24948 -38817 -2117 68511 75948
on -20059 3819 53243 77125 38176 58432
on -25128 3970 36766 71876 -65955 -55178
on 30721 48676 -88372 -59041 -10373 20517
on 54739 79187 -6426 24205 38483 52199
on -74123 -60596 16087 24029 6308 31110
on -41178 -13748 34273 53161 -68326 -50079
on 34321 62132 -28029 -5767 50910 79802
on -32145 5241 -91765 -68647 -38102 -15017
on 23277 33784 31667 51551 54327 64740
on -46838 -27022 -20629 11486 -82153 -67991
on 7719 27806 -85522 -68654 -28269 -18334
on 66206 79801 4275 23982 -26164 -6768
on 7060 30306 15808 21150 -82475 -72034
on -72488 -57915 -28681 -13504 -55788 -19138
on 51600 81029 -55022 -27697 -4574 -1320
on 713 24780 -41043 -16227 -89590 -57706
on -47902 -19360 -71811 -40927 -47393 -42422
on -37143 -13206 44321 57113 39090 74407
on -87887 -62006 -2502 27753 3934 32303
on -54898 -26966 49943 70123 -17391 -2216
on 45372 65851 43448 50408 -33840 -13662
on 71524 82316 -26188 7090 -49099 -14638
on 22921 44804 -27396 -13596 58045 85435
on -72660 -48634 20103 38489 -43346 -11329
on -81912 -70603 -10732 7577 -24656 3233
on 482 21679 38765 51538 52032 83853
on -60433 -38681 -39018 -11874 -73031 -47655
on -15216 4879 34050 46445 -70546 -48265
on 7593 31682 -50259 -22312 -87495 -64016
on 25388 30574 50026 53821 -65865 -34989
on -84657 -71962 -5614 6000 -24634 -3339
on 41390 60020 22570 42628 30882 64771
on -248 17127 -2823 6658 -96809 -73415
on -77832 -55465 14930 45870 -56240 -28636
on 65116 82345 -6666 23578 -680 26739
on 34856 54196 43745 68375 -39638 -19525
on -48140 -27552 -70877 -60624 27025 49107
on -19790 16502 -95842 -64224 -10888 485
on -44735 -16836 -66086 -45889 -59639 -41212
on 12184 30539 -56463 -46207 -68564 -49369
on -8178 14147 -94758 -68872 12761 40515
off 63606 77626 -37629 -16487 7962 27750
on 24113 32572 -59984 -39027 -65778 -44446
on -57539 -24760 28352 48097 32995 62025
off 40834 49961 33338 48265 -65491 -33838
off -80149 -51564 13027 40490 35050 60768
off -80739 -57169 33192 57748 -16057 6588
on 61968 78708 -53750 -34745 -12261 9164
on -10785 18613 28171 58216 -66565 -56750
off 32041 52937 19350 35415 55238 77639
on -36952 -18269 3126 20237 64598 79215
on 33467 37921 -21420 -11399 -73687 -62782
on -26796 -9959 -79690 -57727 33661 50800
off 68974 76734 5289 25800 -31666 -18116
on -5502 14686 -63307 -53369 -51364 -48961
on 24767 47138 52124 81995 23428 28917
off -80538 -52659 -48183 -35294 18181 36286
off -62852 -32258 48933 70740 -18708 2603
off -5407 3287 -83410 -60851 -30565 -10567
on -61477 -28724 -69802 -48668 -8735 5648
off -61834 -43462 30006 46770 39118 76051
on -40106 -25581 -79417 -67135 -19775 60
off 9232 31266 -75135 -53369 -52206 -30950
off -84248 -58138 7669 29204 -51152 -17070
on 46938 63693 12960 42501 -57448 -41489
on -61060 -33678 -63777 -31257 -35472 -29497
on 2080 22935 -39244 -32428 -81473 -54994
on -41327 -18603 -70059 -40898 32258 67222
on -44240 -10221 15754 50504 66733 86101
off 19480 46396 62939 71133 14257 29691
on -31329 -13993 69918 80800 679 23780
on 14808 49735 -45728 -33196 -78006 -46758
on 56049 68927 50004 64743 -7561 4897
on -14920 815 -63199 -36015 -85218 -61913
off -63010 -31952 -59660 -30453 -52839 -47695
on -4708 21970 -68219 -58658 28244 49101
on 64329 72377 -56681 -23397 10880 38219
on -1573 19388 -66068 -49774 43031 46117
off 3550 36695 -41811 -27759 60901 85943
on -16254 1097 -14722 5544 66336 94646
off 61689 81211 -46459 -35255 780 35628
on 20599 41795 67758 81144 -16445 -7609
off -12570 -2057 -77401 -41665 40726 63560
off -62350 -35207 -31298 -15970 -66142 -41645
on 12223 28447 -73960 -45197 -55238 -52232
off 47567 79680 -34518 -17413 -48355 -34557
off -18337 9759 64991 95028 -28658 -26313
off -2752 20613 -22642 -1518 76028 79119
on -12095 21831 40788 52435 54694 82773
on 62369 79279 18603 37517 7267 29696
off -12882 21846 -67320 -57185 33085 56111
off 54508 76109 -20473 2785 -62714 -41813
on 67360 71567 -48085 -29466 10595 37029
off 13286 27535 -87029 -60347 -10601 -4532
on -45650 -19692 -77515 -57322 -35410 -11383
on -38632 -32709 -21531 -809 69099 84538
off -17166 5248 36202 59116 -80622 -55255
off 53199 58328 -57030 -46928 16510 28137
off -12452 -6069 59268 97187 -1657 26474
off -94415 -66314 2951 35335 -4256 2177
off 68643 76060 -1199 3977 13968 40355
off -53216 -30345 -5088 12709 61339 71114
off -47617 -41176 -83385 -64333 -2232 24576
on 50246 56920 15557 35920 -54113 -43203
on -80487 -65360 -44273 -26324 17212 25006
on -25354 -9029 56319 71473 33347 48174
on 2077 7445 39902 60926 -70890 -42934
on -30828 -13645 9950 38407 65490 91992
on -39862 -30859 41184 62167 -44498 -32078
on 10000 38071 38307 77250 -55950 -45433
off -25138 -21939 59646 80572 -29182 -3585
off -69664 -49402 -50521 -29250 -3375 11367
on 21546 32759 -3813 9495 69311 85452
on 67070 79356 -11015 7660 -48745 -32178
off 7316 30214 34054 56896 -68022 -53097
on -50959 -44594 60361 64986 9818 23239
on -92152 -60839 -39965 -25169 -2960 14072
on -8418 -5468 -16850 -395 -89405 -60345
on 61152 81114 -55316 -42489 5256 27808
on -46242 -11636 -88249 -68048 -34050 -27919
on -70820 -63333 -51978 -25850 -13139 9914
on -26879 -10479 61913 79717 -25966 -97
off 12919 29894 -76896 -45406 25302 55570
on 39675 51599 53474 75891 -29696 -17
off -30540 -14474 55369 68032 -58542 -28288
on 53971 72033 -40457 -16771 -62948 -31125
on 18120 26292 -8657 14413 75119 81206
off 20710 41423 -45252 -30751 -67175 -46146
on -20194 -378 -36413 -21284 57487 74834
off 9683 40177 33189 58521 38646 71002
off -69406 -46938 -3981 790 37822 62759
off 62465 92233 -42839 -17646 -4142 16597
on -51175 -44110 -10237 -22 62925 80652
off -72655 -65648 9326 28287 36035 52004
off -42754 -18276 7826 28126 72152 79144
on 57060 77216 12453 45688 -8107 -3045
off -26698 2268 20712 41625 63167 76252
on -68201 -48223 30213 50082 -59554 -34429
on -72641 -34836 33312 53354 22828 56557
on -70258 -48790 -23700 8377 30085 47466
on -66538 -39508 -11452 11542 -65928 -55528
on -87876 -57425 21246 38054 5107 25443
off -20182 2598 -90193 -61072 20050 52146
on 39307 59985 -69031 -44776 36698 61408
off -12448 509 -70136 -35948 -72152 -51817
on -23574 6458 -74942 -53212 42969 50280
on 60679 75403 47871 65197 -27683 -4167
off -36024 -8293 55017 76156 30779 55778
on 22953 39105 -81805 -62302 -20432 -38
off 27886 44604 4065 25615 -77407 -66335
on -32071 -30955 -69669 -54374 19133 44519
on -44247 -33441 -4852 25257 -83379 -55625
on -6331 23001 -2727 22050 -82200 -73000
on 1792 13243 65970 84665 20881 40167
on -87142 -62108 7662 16909 -9182 -3172
off 13248 38146 -82443 -50008 -36386 -12435
on -6365 4219 -96240 -64381 -11610 17542
on 20323 42542 -68882 -61242 22967 43943
on -41163 -20950 2371 22767 58149 74631
off -32710 -17810 54625 65520 37425 52511
on 50562 71693 -37987 -23564 6443 27941
on -75860 -59113 -31260 -21146 22220 40680
off 35387 41987 47728 67980 39791 64448
off 608 10798 49806 77961 31124 54950
on -60231 -39198 53787 68244 -12704 5467
on -35484 -21083 -73867 -37873 39249 51362
on 59987 77835 -27001 -15879 -47787 -19843
off 41427 62288 51994 70945 30784 47390
off -50048 -36834 3043 25992 -72740 -53308
on 42872 58017 30943 61513 -42821 -33967
off -36245 -9387 -58223 -55846 -67387 -31057
off -59188 -35629 56279 73984 28867 43987
off -78759 -64658 -20681 5867 -31797 -7772
off -4710 8905 -2779 3351 -86219 -60528
on 33155 61007 49452 81379 876 17781
off -36277 -9971 27939 32653 -81045 -53964
off -26923 -8074 30428 51131 59674 76394
off 31979 54725 56931 85664 -9340 9915
on -50144 -15730 -34733 -21753 -65108 -46338
off 60842 75793 32957 62320 4144 27982
off -19195 -2409 -86897 -76380 2529 23132
off 64018 98006 -11605 -3633 -29716 -7300
on -30513 -24112 54293 87707 2287 35438
off -70296 -60350 -11905 14801 21158 49898
off -70639 -44202 9051 33036 49129 61552
on 41321 60065 -27152 -14509 -68965 -47234
on 70548 91310 -5954 5726 11278 19700
on -50219 -21418 -52582 -42030 -54196 -49651
on -89552 -58633 -17585 264 34927 52503
on -82142 -52178 -34545 -11192 23522 41514
off 1835 27941 6244 15478 71948 96428
off -23771 -8128 4204 25628 -87494 -64595
off -70646 -48209 -69358 -34636 14932 17268
off -49767 -33302 17787 36654 -67440 -56605
on -69442 -47855 14615 37283 29421 50848
on 16292 29082 53434 67571 42659 57865
off -80373 -65569 -32877 -22702 -43105 -17574
off -60547 -40977 -63557 -48862 32703 37611
off -61581 -50980 46572 61296 16255 33720
off -15898 9630 -81270 -72337 -9467 1578
off -1628 17534 41763 66183 46348 77856
off -7922 9271 -69557 -43619 -64023 -55015
on 26053 28769 57719 77890 -16189 1384
on 54696 78581 -45863 -22337 -35805 -18071
on 2717 35041 -87427 -67253 -12024 10337
on -25139 -9098 21889 49900 -81323 -59102
on -61386 -45025 -48153 -25439 -59187 -28230
off -14053 -8908 20868 41043 70952 78051
off -20054 -2137 -37491 -34326 63084 71659
off -55685 -33312 12597 34114 51147 70265
off 67819 99322 -16857 5736 -13285 826
off 41853 51465 -47936 -40529 -50557 -30324
on -23106 727 -72015 -63422 33047 44033
off 45528 53647 -45076 -21772 -71396 -44336
on 33296 53707 54805 77184 15225 51416
on 16412 36309 -77570 -54449 24249 53268
off -4728 22491 2245 16391 58276 80427
off -19857 4699 -84155 -56152 27354 42474
on 3684 19893 26310 53591 -78511 -54424
off 24404 39334 -45396 -28653 51011 76760
off -84254 -58235 -4562 25851 -45183 -21546
off -31427 4281 -70117 -58893 22727 42676
off 67060 91125 -25501 6756 -34282 -15730
off -72571 -51425 -65677 -30541 -45375 -18097
off -57405 -41319 35533 66514 21509 43776
on 7762 21984 67369 75046 9686 35909
off 30634 52923 -35139 -9415 43449 78931
on 40774 58494 37481 66356 -44638 -29731
on -35081 -10628 -73384 -61822 13041 33353
on -47126 -18466 -24819 -10783 51995 88235
on -20404 -11974 -86858 -59689 24047 39734
on 33931 50101 53920 69400 -44311 -24788
on 13893 22430 -69617 -59694 33243 53851
on 13266 24042 75584 82687 13448 23080
off 42429 61382 -33657 -13422 -65211 -53531
off -60874 -43704 -61576 -56371 -11832 8958
on -63974 -31260 41209 71413 23902 52385
on 25038 29790 -89283 -66014 19523 23400
on 32430 64221 40166 56779 -47739 -23712
on 63435 71299 26630 51276 -28657 -7613
off -16513 7916 -95480 -69851 8739 32555